{
  "nbformat": 4,
  "nbformat_minor": 0,
  "metadata": {
    "colab": {
      "provenance": []
    },
    "kernelspec": {
      "name": "python3",
      "display_name": "Python 3"
    },
    "language_info": {
      "name": "python"
    }
  },
  "cells": [
    {
      "cell_type": "code",
      "execution_count": 106,
      "metadata": {
        "id": "C0NRdheNOiNG"
      },
      "outputs": [],
      "source": [
        "import numpy as np\n",
        "import pandas as pd\n",
        "import matplotlib.pyplot as plt\n",
        "from sklearn import datasets"
      ]
    },
    {
      "cell_type": "code",
      "source": [
        "diabetes_X,diabetes_y = datasets.load_diabetes(return_X_y=True)"
      ],
      "metadata": {
        "id": "nO5UYHBPOpr8"
      },
      "execution_count": 65,
      "outputs": []
    },
    {
      "cell_type": "code",
      "source": [
        "diabetes_X_train = diabetes_X[:-20]\n",
        "diabetes_X_test = diabetes_X[-20:]\n",
        "diabetes_y_train = diabetes_y[:-20]\n",
        "diabetes_y_test = diabetes_y[-20:]\n",
        "diabetes_X_train"
      ],
      "metadata": {
        "colab": {
          "base_uri": "https://localhost:8080/"
        },
        "id": "VgykB4ROOslk",
        "outputId": "2d23f61b-3a63-4b25-b14c-c13090890595"
      },
      "execution_count": 69,
      "outputs": [
        {
          "output_type": "execute_result",
          "data": {
            "text/plain": [
              "array([[ 0.03807591,  0.05068012,  0.06169621, ..., -0.00259226,\n",
              "         0.01990749, -0.01764613],\n",
              "       [-0.00188202, -0.04464164, -0.05147406, ..., -0.03949338,\n",
              "        -0.06833155, -0.09220405],\n",
              "       [ 0.08529891,  0.05068012,  0.04445121, ..., -0.00259226,\n",
              "         0.00286131, -0.02593034],\n",
              "       ...,\n",
              "       [-0.02004471, -0.04464164, -0.0547075 , ..., -0.03949338,\n",
              "        -0.07409261, -0.0052198 ],\n",
              "       [ 0.02354575, -0.04464164, -0.03638469, ...,  0.03430886,\n",
              "        -0.03324559,  0.06105391],\n",
              "       [ 0.03807591,  0.05068012,  0.0164281 , ...,  0.07120998,\n",
              "         0.0497702 ,  0.01549073]])"
            ]
          },
          "metadata": {},
          "execution_count": 69
        }
      ]
    },
    {
      "cell_type": "code",
      "source": [
        "bias=np.ones((len(diabetes_X_train),1))\n",
        "bias"
      ],
      "metadata": {
        "colab": {
          "base_uri": "https://localhost:8080/"
        },
        "id": "tegvJ4PESigN",
        "outputId": "cf2abbb4-7c07-421c-db41-f51d7667543d"
      },
      "execution_count": 81,
      "outputs": [
        {
          "output_type": "execute_result",
          "data": {
            "text/plain": [
              "array([[1.],\n",
              "       [1.],\n",
              "       [1.],\n",
              "       [1.],\n",
              "       [1.],\n",
              "       [1.],\n",
              "       [1.],\n",
              "       [1.],\n",
              "       [1.],\n",
              "       [1.],\n",
              "       [1.],\n",
              "       [1.],\n",
              "       [1.],\n",
              "       [1.],\n",
              "       [1.],\n",
              "       [1.],\n",
              "       [1.],\n",
              "       [1.],\n",
              "       [1.],\n",
              "       [1.],\n",
              "       [1.],\n",
              "       [1.],\n",
              "       [1.],\n",
              "       [1.],\n",
              "       [1.],\n",
              "       [1.],\n",
              "       [1.],\n",
              "       [1.],\n",
              "       [1.],\n",
              "       [1.],\n",
              "       [1.],\n",
              "       [1.],\n",
              "       [1.],\n",
              "       [1.],\n",
              "       [1.],\n",
              "       [1.],\n",
              "       [1.],\n",
              "       [1.],\n",
              "       [1.],\n",
              "       [1.],\n",
              "       [1.],\n",
              "       [1.],\n",
              "       [1.],\n",
              "       [1.],\n",
              "       [1.],\n",
              "       [1.],\n",
              "       [1.],\n",
              "       [1.],\n",
              "       [1.],\n",
              "       [1.],\n",
              "       [1.],\n",
              "       [1.],\n",
              "       [1.],\n",
              "       [1.],\n",
              "       [1.],\n",
              "       [1.],\n",
              "       [1.],\n",
              "       [1.],\n",
              "       [1.],\n",
              "       [1.],\n",
              "       [1.],\n",
              "       [1.],\n",
              "       [1.],\n",
              "       [1.],\n",
              "       [1.],\n",
              "       [1.],\n",
              "       [1.],\n",
              "       [1.],\n",
              "       [1.],\n",
              "       [1.],\n",
              "       [1.],\n",
              "       [1.],\n",
              "       [1.],\n",
              "       [1.],\n",
              "       [1.],\n",
              "       [1.],\n",
              "       [1.],\n",
              "       [1.],\n",
              "       [1.],\n",
              "       [1.],\n",
              "       [1.],\n",
              "       [1.],\n",
              "       [1.],\n",
              "       [1.],\n",
              "       [1.],\n",
              "       [1.],\n",
              "       [1.],\n",
              "       [1.],\n",
              "       [1.],\n",
              "       [1.],\n",
              "       [1.],\n",
              "       [1.],\n",
              "       [1.],\n",
              "       [1.],\n",
              "       [1.],\n",
              "       [1.],\n",
              "       [1.],\n",
              "       [1.],\n",
              "       [1.],\n",
              "       [1.],\n",
              "       [1.],\n",
              "       [1.],\n",
              "       [1.],\n",
              "       [1.],\n",
              "       [1.],\n",
              "       [1.],\n",
              "       [1.],\n",
              "       [1.],\n",
              "       [1.],\n",
              "       [1.],\n",
              "       [1.],\n",
              "       [1.],\n",
              "       [1.],\n",
              "       [1.],\n",
              "       [1.],\n",
              "       [1.],\n",
              "       [1.],\n",
              "       [1.],\n",
              "       [1.],\n",
              "       [1.],\n",
              "       [1.],\n",
              "       [1.],\n",
              "       [1.],\n",
              "       [1.],\n",
              "       [1.],\n",
              "       [1.],\n",
              "       [1.],\n",
              "       [1.],\n",
              "       [1.],\n",
              "       [1.],\n",
              "       [1.],\n",
              "       [1.],\n",
              "       [1.],\n",
              "       [1.],\n",
              "       [1.],\n",
              "       [1.],\n",
              "       [1.],\n",
              "       [1.],\n",
              "       [1.],\n",
              "       [1.],\n",
              "       [1.],\n",
              "       [1.],\n",
              "       [1.],\n",
              "       [1.],\n",
              "       [1.],\n",
              "       [1.],\n",
              "       [1.],\n",
              "       [1.],\n",
              "       [1.],\n",
              "       [1.],\n",
              "       [1.],\n",
              "       [1.],\n",
              "       [1.],\n",
              "       [1.],\n",
              "       [1.],\n",
              "       [1.],\n",
              "       [1.],\n",
              "       [1.],\n",
              "       [1.],\n",
              "       [1.],\n",
              "       [1.],\n",
              "       [1.],\n",
              "       [1.],\n",
              "       [1.],\n",
              "       [1.],\n",
              "       [1.],\n",
              "       [1.],\n",
              "       [1.],\n",
              "       [1.],\n",
              "       [1.],\n",
              "       [1.],\n",
              "       [1.],\n",
              "       [1.],\n",
              "       [1.],\n",
              "       [1.],\n",
              "       [1.],\n",
              "       [1.],\n",
              "       [1.],\n",
              "       [1.],\n",
              "       [1.],\n",
              "       [1.],\n",
              "       [1.],\n",
              "       [1.],\n",
              "       [1.],\n",
              "       [1.],\n",
              "       [1.],\n",
              "       [1.],\n",
              "       [1.],\n",
              "       [1.],\n",
              "       [1.],\n",
              "       [1.],\n",
              "       [1.],\n",
              "       [1.],\n",
              "       [1.],\n",
              "       [1.],\n",
              "       [1.],\n",
              "       [1.],\n",
              "       [1.],\n",
              "       [1.],\n",
              "       [1.],\n",
              "       [1.],\n",
              "       [1.],\n",
              "       [1.],\n",
              "       [1.],\n",
              "       [1.],\n",
              "       [1.],\n",
              "       [1.],\n",
              "       [1.],\n",
              "       [1.],\n",
              "       [1.],\n",
              "       [1.],\n",
              "       [1.],\n",
              "       [1.],\n",
              "       [1.],\n",
              "       [1.],\n",
              "       [1.],\n",
              "       [1.],\n",
              "       [1.],\n",
              "       [1.],\n",
              "       [1.],\n",
              "       [1.],\n",
              "       [1.],\n",
              "       [1.],\n",
              "       [1.],\n",
              "       [1.],\n",
              "       [1.],\n",
              "       [1.],\n",
              "       [1.],\n",
              "       [1.],\n",
              "       [1.],\n",
              "       [1.],\n",
              "       [1.],\n",
              "       [1.],\n",
              "       [1.],\n",
              "       [1.],\n",
              "       [1.],\n",
              "       [1.],\n",
              "       [1.],\n",
              "       [1.],\n",
              "       [1.],\n",
              "       [1.],\n",
              "       [1.],\n",
              "       [1.],\n",
              "       [1.],\n",
              "       [1.],\n",
              "       [1.],\n",
              "       [1.],\n",
              "       [1.],\n",
              "       [1.],\n",
              "       [1.],\n",
              "       [1.],\n",
              "       [1.],\n",
              "       [1.],\n",
              "       [1.],\n",
              "       [1.],\n",
              "       [1.],\n",
              "       [1.],\n",
              "       [1.],\n",
              "       [1.],\n",
              "       [1.],\n",
              "       [1.],\n",
              "       [1.],\n",
              "       [1.],\n",
              "       [1.],\n",
              "       [1.],\n",
              "       [1.],\n",
              "       [1.],\n",
              "       [1.],\n",
              "       [1.],\n",
              "       [1.],\n",
              "       [1.],\n",
              "       [1.],\n",
              "       [1.],\n",
              "       [1.],\n",
              "       [1.],\n",
              "       [1.],\n",
              "       [1.],\n",
              "       [1.],\n",
              "       [1.],\n",
              "       [1.],\n",
              "       [1.],\n",
              "       [1.],\n",
              "       [1.],\n",
              "       [1.],\n",
              "       [1.],\n",
              "       [1.],\n",
              "       [1.],\n",
              "       [1.],\n",
              "       [1.],\n",
              "       [1.],\n",
              "       [1.],\n",
              "       [1.],\n",
              "       [1.],\n",
              "       [1.],\n",
              "       [1.],\n",
              "       [1.],\n",
              "       [1.],\n",
              "       [1.],\n",
              "       [1.],\n",
              "       [1.],\n",
              "       [1.],\n",
              "       [1.],\n",
              "       [1.],\n",
              "       [1.],\n",
              "       [1.],\n",
              "       [1.],\n",
              "       [1.],\n",
              "       [1.],\n",
              "       [1.],\n",
              "       [1.],\n",
              "       [1.],\n",
              "       [1.],\n",
              "       [1.],\n",
              "       [1.],\n",
              "       [1.],\n",
              "       [1.],\n",
              "       [1.],\n",
              "       [1.],\n",
              "       [1.],\n",
              "       [1.],\n",
              "       [1.],\n",
              "       [1.],\n",
              "       [1.],\n",
              "       [1.],\n",
              "       [1.],\n",
              "       [1.],\n",
              "       [1.],\n",
              "       [1.],\n",
              "       [1.],\n",
              "       [1.],\n",
              "       [1.],\n",
              "       [1.],\n",
              "       [1.],\n",
              "       [1.],\n",
              "       [1.],\n",
              "       [1.],\n",
              "       [1.],\n",
              "       [1.],\n",
              "       [1.],\n",
              "       [1.],\n",
              "       [1.],\n",
              "       [1.],\n",
              "       [1.],\n",
              "       [1.],\n",
              "       [1.],\n",
              "       [1.],\n",
              "       [1.],\n",
              "       [1.],\n",
              "       [1.],\n",
              "       [1.],\n",
              "       [1.],\n",
              "       [1.],\n",
              "       [1.],\n",
              "       [1.],\n",
              "       [1.],\n",
              "       [1.],\n",
              "       [1.],\n",
              "       [1.],\n",
              "       [1.],\n",
              "       [1.],\n",
              "       [1.],\n",
              "       [1.],\n",
              "       [1.],\n",
              "       [1.],\n",
              "       [1.],\n",
              "       [1.],\n",
              "       [1.],\n",
              "       [1.],\n",
              "       [1.],\n",
              "       [1.],\n",
              "       [1.],\n",
              "       [1.],\n",
              "       [1.],\n",
              "       [1.],\n",
              "       [1.],\n",
              "       [1.],\n",
              "       [1.],\n",
              "       [1.],\n",
              "       [1.],\n",
              "       [1.],\n",
              "       [1.],\n",
              "       [1.],\n",
              "       [1.],\n",
              "       [1.],\n",
              "       [1.],\n",
              "       [1.],\n",
              "       [1.],\n",
              "       [1.],\n",
              "       [1.],\n",
              "       [1.],\n",
              "       [1.],\n",
              "       [1.],\n",
              "       [1.],\n",
              "       [1.],\n",
              "       [1.],\n",
              "       [1.],\n",
              "       [1.],\n",
              "       [1.],\n",
              "       [1.],\n",
              "       [1.],\n",
              "       [1.],\n",
              "       [1.],\n",
              "       [1.],\n",
              "       [1.],\n",
              "       [1.],\n",
              "       [1.],\n",
              "       [1.],\n",
              "       [1.],\n",
              "       [1.],\n",
              "       [1.],\n",
              "       [1.],\n",
              "       [1.],\n",
              "       [1.],\n",
              "       [1.],\n",
              "       [1.],\n",
              "       [1.],\n",
              "       [1.],\n",
              "       [1.],\n",
              "       [1.],\n",
              "       [1.],\n",
              "       [1.],\n",
              "       [1.]])"
            ]
          },
          "metadata": {},
          "execution_count": 81
        }
      ]
    },
    {
      "cell_type": "code",
      "source": [
        "x_new = bias\n",
        "for coldata in zip(*diabetes_X_train):\n",
        "  tempArr = np.array(coldata)\n",
        "  tempNew = tempArr.reshape([-1,1])\n",
        "  x_new = np.append(x_new,tempNew,axis=1)\n",
        "x_new"
      ],
      "metadata": {
        "colab": {
          "base_uri": "https://localhost:8080/"
        },
        "id": "G32utXidPFyA",
        "outputId": "233d2772-999e-441d-9f2f-e4dfba012c78"
      },
      "execution_count": 83,
      "outputs": [
        {
          "output_type": "execute_result",
          "data": {
            "text/plain": [
              "array([[ 1.        ,  0.03807591,  0.05068012, ..., -0.00259226,\n",
              "         0.01990749, -0.01764613],\n",
              "       [ 1.        , -0.00188202, -0.04464164, ..., -0.03949338,\n",
              "        -0.06833155, -0.09220405],\n",
              "       [ 1.        ,  0.08529891,  0.05068012, ..., -0.00259226,\n",
              "         0.00286131, -0.02593034],\n",
              "       ...,\n",
              "       [ 1.        , -0.02004471, -0.04464164, ..., -0.03949338,\n",
              "        -0.07409261, -0.0052198 ],\n",
              "       [ 1.        ,  0.02354575, -0.04464164, ...,  0.03430886,\n",
              "        -0.03324559,  0.06105391],\n",
              "       [ 1.        ,  0.03807591,  0.05068012, ...,  0.07120998,\n",
              "         0.0497702 ,  0.01549073]])"
            ]
          },
          "metadata": {},
          "execution_count": 83
        }
      ]
    },
    {
      "cell_type": "code",
      "source": [
        "x_new_transpose = x_new.transpose()\n",
        "x_new_transpose"
      ],
      "metadata": {
        "colab": {
          "base_uri": "https://localhost:8080/"
        },
        "id": "J7iL1xe1PJx7",
        "outputId": "06e4302b-392a-469d-bbc7-c923c29c628c"
      },
      "execution_count": 84,
      "outputs": [
        {
          "output_type": "execute_result",
          "data": {
            "text/plain": [
              "array([[ 1.        ,  1.        ,  1.        , ...,  1.        ,\n",
              "         1.        ,  1.        ],\n",
              "       [ 0.03807591, -0.00188202,  0.08529891, ..., -0.02004471,\n",
              "         0.02354575,  0.03807591],\n",
              "       [ 0.05068012, -0.04464164,  0.05068012, ..., -0.04464164,\n",
              "        -0.04464164,  0.05068012],\n",
              "       ...,\n",
              "       [-0.00259226, -0.03949338, -0.00259226, ..., -0.03949338,\n",
              "         0.03430886,  0.07120998],\n",
              "       [ 0.01990749, -0.06833155,  0.00286131, ..., -0.07409261,\n",
              "        -0.03324559,  0.0497702 ],\n",
              "       [-0.01764613, -0.09220405, -0.02593034, ..., -0.0052198 ,\n",
              "         0.06105391,  0.01549073]])"
            ]
          },
          "metadata": {},
          "execution_count": 84
        }
      ]
    },
    {
      "cell_type": "code",
      "source": [
        "x_new_transpose_dot_x_new = x_new_transpose.dot(x_new)\n",
        "x_new_transpose_dot_x_new"
      ],
      "metadata": {
        "colab": {
          "base_uri": "https://localhost:8080/"
        },
        "id": "5zqSpvayYJaH",
        "outputId": "61f5659f-7c36-4723-fd1b-b4f989c12b72"
      },
      "execution_count": 85,
      "outputs": [
        {
          "output_type": "execute_result",
          "data": {
            "text/plain": [
              "array([[ 4.22000000e+02,  1.64779176e-01, -6.03848223e-02,\n",
              "         1.99565928e-01,  1.34065552e-01, -2.24548035e-01,\n",
              "        -2.27999002e-01, -2.14384601e-01,  4.11439149e-02,\n",
              "         6.90157947e-02, -1.97977716e-01],\n",
              "       [ 1.64779176e-01,  9.64232255e-01,  1.54324662e-01,\n",
              "         1.77095879e-01,  3.12705782e-01,  2.62403185e-01,\n",
              "         2.15401007e-01, -5.23444190e-02,  1.89073676e-01,\n",
              "         2.63450178e-01,  2.81142422e-01],\n",
              "       [-6.03848223e-02,  1.54324662e-01,  9.54386499e-01,\n",
              "         7.29421401e-02,  2.14176439e-01,  3.68285446e-02,\n",
              "         1.35889351e-01, -3.49906993e-01,  3.13754961e-01,\n",
              "         1.38483220e-01,  1.89965410e-01],\n",
              "       [ 1.99565928e-01,  1.77095879e-01,  7.29421401e-02,\n",
              "         9.55778160e-01,  3.66044439e-01,  2.45302920e-01,\n",
              "         2.55679403e-01, -3.40434547e-01,  4.01035367e-01,\n",
              "         4.21008238e-01,  3.65228411e-01],\n",
              "       [ 1.34065552e-01,  3.12705782e-01,  2.14176439e-01,\n",
              "         3.66044439e-01,  9.56061821e-01,  2.36519651e-01,\n",
              "         1.76362714e-01, -1.52728580e-01,  2.40160817e-01,\n",
              "         3.73210426e-01,  3.70572774e-01],\n",
              "       [-2.24548035e-01,  2.62403185e-01,  3.68285446e-02,\n",
              "         2.45302920e-01,  2.36519651e-01,  9.50473012e-01,\n",
              "         8.51711926e-01,  3.78674081e-02,  5.22169491e-01,\n",
              "         4.99443680e-01,  3.09284944e-01],\n",
              "       [-2.27999002e-01,  2.15401007e-01,  1.35889351e-01,\n",
              "         2.55679403e-01,  1.76362714e-01,  8.51711926e-01,\n",
              "         9.50349243e-01, -1.88230860e-01,  6.28402882e-01,\n",
              "         3.03142631e-01,  2.74680885e-01],\n",
              "       [-2.14384601e-01, -5.23444190e-02, -3.49906993e-01,\n",
              "        -3.40434547e-01, -1.52728580e-01,  3.78674081e-02,\n",
              "        -1.88230860e-01,  9.26321481e-01, -6.99622904e-01,\n",
              "        -3.78716533e-01, -2.61879685e-01],\n",
              "       [ 4.11439149e-02,  1.89073676e-01,  3.13754961e-01,\n",
              "         4.01035367e-01,  2.40160817e-01,  5.22169491e-01,\n",
              "         6.28402882e-01, -6.99622904e-01,  9.58819888e-01,\n",
              "         5.95854579e-01,  4.03190276e-01],\n",
              "       [ 6.90157947e-02,  2.63450178e-01,  1.38483220e-01,\n",
              "         4.21008238e-01,  3.73210426e-01,  4.99443680e-01,\n",
              "         3.03142631e-01, -3.78716533e-01,  5.95854579e-01,\n",
              "         9.69905856e-01,  4.45897438e-01],\n",
              "       [-1.97977716e-01,  2.81142422e-01,  1.89965410e-01,\n",
              "         3.65228411e-01,  3.70572774e-01,  3.09284944e-01,\n",
              "         2.74680885e-01, -2.61879685e-01,  4.03190276e-01,\n",
              "         4.45897438e-01,  9.48035162e-01]])"
            ]
          },
          "metadata": {},
          "execution_count": 85
        }
      ]
    },
    {
      "cell_type": "code",
      "source": [
        "x_new_transpose_dot_x_new_inverse = np.linalg.inv(x_new_transpose_dot_x_new)\n",
        "x_new_transpose_dot_x_new_inverse"
      ],
      "metadata": {
        "colab": {
          "base_uri": "https://localhost:8080/"
        },
        "id": "7GeGOyhaYOyo",
        "outputId": "83ff50f2-2c05-4907-fa49-6af43a3ed4ca"
      },
      "execution_count": 86,
      "outputs": [
        {
          "output_type": "execute_result",
          "data": {
            "text/plain": [
              "array([[ 2.37181823e-03, -6.61641990e-04,  3.77605771e-04,\n",
              "        -5.74560512e-04, -3.83979064e-04, -2.79561360e-03,\n",
              "         3.22439412e-03,  1.74257225e-03, -2.00214895e-04,\n",
              "         1.12949607e-03,  1.00036384e-03],\n",
              "       [-6.61641990e-04,  1.26071588e+00, -1.30792797e-01,\n",
              "        -7.38582630e-03, -2.45464158e-01,  1.72624141e-01,\n",
              "        -3.20091813e-01, -2.04493380e-01,  5.20631375e-02,\n",
              "        -2.46070201e-01, -1.75473068e-01],\n",
              "       [ 3.77605771e-04, -1.30792797e-01,  1.32535025e+00,\n",
              "         2.11822665e-01, -2.54400422e-01,  4.06211784e-01,\n",
              "        -2.85061139e-01,  2.28725914e-01, -2.86043872e-01,\n",
              "         3.97740413e-02, -9.26706489e-02],\n",
              "       [-5.74560512e-04, -7.38582630e-03,  2.11822665e-01,\n",
              "         1.55919259e+00, -3.58799820e-01,  7.58338071e-01,\n",
              "        -7.98781321e-01,  1.10561312e-01,  6.67671032e-03,\n",
              "        -5.66326568e-01, -2.22695845e-01],\n",
              "       [-3.83979064e-04, -2.45464158e-01, -2.54400422e-01,\n",
              "        -3.58799820e-01,  1.50121367e+00, -3.14179751e-01,\n",
              "         1.53672295e-01,  1.22256727e-01,  3.20281076e-01,\n",
              "        -2.35209602e-01, -2.58726119e-01],\n",
              "       [-2.79561360e-03,  1.72624141e-01,  4.06211784e-01,\n",
              "         7.58338071e-01, -3.14179751e-01,  6.03545005e+01,\n",
              "        -4.70733946e+01, -2.70476897e+01, -8.50056804e+00,\n",
              "        -2.21039452e+01,  1.86522673e-01],\n",
              "       [ 3.22439412e-03, -3.20091813e-01, -2.85061139e-01,\n",
              "        -7.98781321e-01,  1.53672295e-01, -4.70733946e+01,\n",
              "         3.97718858e+01,  1.90332714e+01,  2.77753475e+00,\n",
              "         1.80273125e+01, -1.68445822e-01],\n",
              "       [ 1.74257225e-03, -2.04493380e-01,  2.28725914e-01,\n",
              "         1.10561312e-01,  1.22256727e-01, -2.70476897e+01,\n",
              "         1.90332714e+01,  1.61664124e+01,  8.28880447e+00,\n",
              "         9.19644878e+00, -1.50747975e-01],\n",
              "       [-2.00214895e-04,  5.20631375e-02, -2.86043872e-01,\n",
              "         6.67671032e-03,  3.20281076e-01, -8.50056804e+00,\n",
              "         2.77753475e+00,  8.28880447e+00,  9.39886227e+00,\n",
              "         1.01013181e+00, -3.00176489e-01],\n",
              "       [ 1.12949607e-03, -2.46070201e-01,  3.97740413e-02,\n",
              "        -5.66326568e-01, -2.35209602e-01, -2.21039452e+01,\n",
              "         1.80273125e+01,  9.19644878e+00,  1.01013181e+00,\n",
              "         1.03215264e+01, -3.80519212e-01],\n",
              "       [ 1.00036384e-03, -1.75473068e-01, -9.26706489e-02,\n",
              "        -2.22695845e-01, -2.58726119e-01,  1.86522673e-01,\n",
              "        -1.68445822e-01, -1.50747975e-01, -3.00176489e-01,\n",
              "        -3.80519212e-01,  1.56550105e+00]])"
            ]
          },
          "metadata": {},
          "execution_count": 86
        }
      ]
    },
    {
      "cell_type": "code",
      "source": [
        "temp1 = x_new_transpose.dot(diabetes_y_train)\n",
        "temp1"
      ],
      "metadata": {
        "colab": {
          "base_uri": "https://localhost:8080/"
        },
        "id": "RTJsUORSYQP2",
        "outputId": "471b145e-1f6b-49a1-b5fc-184792dd1476"
      },
      "execution_count": 87,
      "outputs": [
        {
          "output_type": "execute_result",
          "data": {
            "text/plain": [
              "array([ 6.47190000e+04,  3.21007842e+02,  4.77965278e+01,  9.27264651e+02,\n",
              "        6.98560379e+02,  3.00873790e+02,  2.39159122e+02, -6.32459142e+02,\n",
              "        6.78564138e+02,  8.83868261e+02,  5.67349960e+02])"
            ]
          },
          "metadata": {},
          "execution_count": 87
        }
      ]
    },
    {
      "cell_type": "code",
      "source": [
        "theta = x_new_transpose_dot_x_new_inverse.dot(temp1)\n",
        "theta"
      ],
      "metadata": {
        "colab": {
          "base_uri": "https://localhost:8080/"
        },
        "id": "0zrAUbcrYSFe",
        "outputId": "9fc7571a-dc46-4385-a626-ff50a04688db"
      },
      "execution_count": 88,
      "outputs": [
        {
          "output_type": "execute_result",
          "data": {
            "text/plain": [
              "array([ 1.52764292e+02,  3.06094248e-01, -2.37635570e+02,  5.10538048e+02,\n",
              "        3.27729878e+02, -8.14111926e+02,  4.92799595e+02,  1.02841240e+02,\n",
              "        1.84603496e+02,  7.43509388e+02,  7.60966464e+01])"
            ]
          },
          "metadata": {},
          "execution_count": 88
        }
      ]
    },
    {
      "cell_type": "code",
      "source": [
        "diabetes_X_test_data_frame = pd.DataFrame(diabetes_X_test)\n",
        "diabetes_X_test_data_frame"
      ],
      "metadata": {
        "colab": {
          "base_uri": "https://localhost:8080/",
          "height": 676
        },
        "id": "dvev_0liZcGn",
        "outputId": "8eec77b7-6f56-465d-e588-4925a857430a"
      },
      "execution_count": 107,
      "outputs": [
        {
          "output_type": "execute_result",
          "data": {
            "text/plain": [
              "           0         1         2         3         4         5         6  \\\n",
              "0  -0.078165  0.050680  0.077863  0.052858  0.078236  0.064447  0.026550   \n",
              "1   0.009016  0.050680 -0.039618  0.028758  0.038334  0.073529 -0.072854   \n",
              "2   0.001751  0.050680  0.011039 -0.019442 -0.016704 -0.003819 -0.047082   \n",
              "3  -0.078165 -0.044642 -0.040696 -0.081413 -0.100638 -0.112795  0.022869   \n",
              "4   0.030811  0.050680 -0.034229  0.043666  0.057597  0.068831 -0.032356   \n",
              "5  -0.034575  0.050680  0.005650 -0.005670 -0.073119 -0.062691 -0.006584   \n",
              "6   0.048974  0.050680  0.088642  0.087287  0.035582  0.021546 -0.024993   \n",
              "7  -0.041840 -0.044642 -0.033151 -0.022885  0.046589  0.041587  0.056003   \n",
              "8  -0.009147 -0.044642 -0.056863 -0.050427  0.021822  0.045345 -0.028674   \n",
              "9   0.070769  0.050680 -0.030996  0.021872 -0.037344 -0.047034  0.033914   \n",
              "10  0.009016 -0.044642  0.055229 -0.005670  0.057597  0.044719 -0.002903   \n",
              "11 -0.027310 -0.044642 -0.060097 -0.029770  0.046589  0.019980  0.122273   \n",
              "12  0.016281 -0.044642  0.001339  0.008101  0.005311  0.010899  0.030232   \n",
              "13 -0.012780 -0.044642 -0.023451 -0.040099 -0.016704  0.004636 -0.017629   \n",
              "14 -0.056370 -0.044642 -0.074108 -0.050427 -0.024960 -0.047034  0.092820   \n",
              "15  0.041708  0.050680  0.019662  0.059744 -0.005697 -0.002566 -0.028674   \n",
              "16 -0.005515  0.050680 -0.015906 -0.067642  0.049341  0.079165 -0.028674   \n",
              "17  0.041708  0.050680 -0.015906  0.017293 -0.037344 -0.013840 -0.024993   \n",
              "18 -0.045472 -0.044642  0.039062  0.001215  0.016318  0.015283 -0.028674   \n",
              "19 -0.045472 -0.044642 -0.073030 -0.081413  0.083740  0.027809  0.173816   \n",
              "\n",
              "           7         8         9  \n",
              "0  -0.002592  0.040673 -0.009362  \n",
              "1   0.108111  0.015568 -0.046641  \n",
              "2   0.034309  0.024055  0.023775  \n",
              "3  -0.076395 -0.020292 -0.050783  \n",
              "4   0.057557  0.035459  0.085907  \n",
              "5  -0.039493 -0.045424  0.032059  \n",
              "6   0.034309  0.066051  0.131470  \n",
              "7  -0.024733 -0.025953 -0.038357  \n",
              "8   0.034309 -0.009919 -0.017646  \n",
              "9  -0.039493 -0.014960 -0.001078  \n",
              "10  0.023239  0.055686  0.106617  \n",
              "11 -0.039493 -0.051404 -0.009362  \n",
              "12 -0.039493 -0.045424  0.032059  \n",
              "13 -0.002592 -0.038460 -0.038357  \n",
              "14 -0.076395 -0.061176 -0.046641  \n",
              "15 -0.002592  0.031193  0.007207  \n",
              "16  0.034309 -0.018114  0.044485  \n",
              "17 -0.011080 -0.046883  0.015491  \n",
              "18  0.026560  0.044529 -0.025930  \n",
              "19 -0.039493 -0.004222  0.003064  "
            ],
            "text/html": [
              "\n",
              "  <div id=\"df-a93e0397-8561-4677-b124-87c3eb175a54\">\n",
              "    <div class=\"colab-df-container\">\n",
              "      <div>\n",
              "<style scoped>\n",
              "    .dataframe tbody tr th:only-of-type {\n",
              "        vertical-align: middle;\n",
              "    }\n",
              "\n",
              "    .dataframe tbody tr th {\n",
              "        vertical-align: top;\n",
              "    }\n",
              "\n",
              "    .dataframe thead th {\n",
              "        text-align: right;\n",
              "    }\n",
              "</style>\n",
              "<table border=\"1\" class=\"dataframe\">\n",
              "  <thead>\n",
              "    <tr style=\"text-align: right;\">\n",
              "      <th></th>\n",
              "      <th>0</th>\n",
              "      <th>1</th>\n",
              "      <th>2</th>\n",
              "      <th>3</th>\n",
              "      <th>4</th>\n",
              "      <th>5</th>\n",
              "      <th>6</th>\n",
              "      <th>7</th>\n",
              "      <th>8</th>\n",
              "      <th>9</th>\n",
              "    </tr>\n",
              "  </thead>\n",
              "  <tbody>\n",
              "    <tr>\n",
              "      <th>0</th>\n",
              "      <td>-0.078165</td>\n",
              "      <td>0.050680</td>\n",
              "      <td>0.077863</td>\n",
              "      <td>0.052858</td>\n",
              "      <td>0.078236</td>\n",
              "      <td>0.064447</td>\n",
              "      <td>0.026550</td>\n",
              "      <td>-0.002592</td>\n",
              "      <td>0.040673</td>\n",
              "      <td>-0.009362</td>\n",
              "    </tr>\n",
              "    <tr>\n",
              "      <th>1</th>\n",
              "      <td>0.009016</td>\n",
              "      <td>0.050680</td>\n",
              "      <td>-0.039618</td>\n",
              "      <td>0.028758</td>\n",
              "      <td>0.038334</td>\n",
              "      <td>0.073529</td>\n",
              "      <td>-0.072854</td>\n",
              "      <td>0.108111</td>\n",
              "      <td>0.015568</td>\n",
              "      <td>-0.046641</td>\n",
              "    </tr>\n",
              "    <tr>\n",
              "      <th>2</th>\n",
              "      <td>0.001751</td>\n",
              "      <td>0.050680</td>\n",
              "      <td>0.011039</td>\n",
              "      <td>-0.019442</td>\n",
              "      <td>-0.016704</td>\n",
              "      <td>-0.003819</td>\n",
              "      <td>-0.047082</td>\n",
              "      <td>0.034309</td>\n",
              "      <td>0.024055</td>\n",
              "      <td>0.023775</td>\n",
              "    </tr>\n",
              "    <tr>\n",
              "      <th>3</th>\n",
              "      <td>-0.078165</td>\n",
              "      <td>-0.044642</td>\n",
              "      <td>-0.040696</td>\n",
              "      <td>-0.081413</td>\n",
              "      <td>-0.100638</td>\n",
              "      <td>-0.112795</td>\n",
              "      <td>0.022869</td>\n",
              "      <td>-0.076395</td>\n",
              "      <td>-0.020292</td>\n",
              "      <td>-0.050783</td>\n",
              "    </tr>\n",
              "    <tr>\n",
              "      <th>4</th>\n",
              "      <td>0.030811</td>\n",
              "      <td>0.050680</td>\n",
              "      <td>-0.034229</td>\n",
              "      <td>0.043666</td>\n",
              "      <td>0.057597</td>\n",
              "      <td>0.068831</td>\n",
              "      <td>-0.032356</td>\n",
              "      <td>0.057557</td>\n",
              "      <td>0.035459</td>\n",
              "      <td>0.085907</td>\n",
              "    </tr>\n",
              "    <tr>\n",
              "      <th>5</th>\n",
              "      <td>-0.034575</td>\n",
              "      <td>0.050680</td>\n",
              "      <td>0.005650</td>\n",
              "      <td>-0.005670</td>\n",
              "      <td>-0.073119</td>\n",
              "      <td>-0.062691</td>\n",
              "      <td>-0.006584</td>\n",
              "      <td>-0.039493</td>\n",
              "      <td>-0.045424</td>\n",
              "      <td>0.032059</td>\n",
              "    </tr>\n",
              "    <tr>\n",
              "      <th>6</th>\n",
              "      <td>0.048974</td>\n",
              "      <td>0.050680</td>\n",
              "      <td>0.088642</td>\n",
              "      <td>0.087287</td>\n",
              "      <td>0.035582</td>\n",
              "      <td>0.021546</td>\n",
              "      <td>-0.024993</td>\n",
              "      <td>0.034309</td>\n",
              "      <td>0.066051</td>\n",
              "      <td>0.131470</td>\n",
              "    </tr>\n",
              "    <tr>\n",
              "      <th>7</th>\n",
              "      <td>-0.041840</td>\n",
              "      <td>-0.044642</td>\n",
              "      <td>-0.033151</td>\n",
              "      <td>-0.022885</td>\n",
              "      <td>0.046589</td>\n",
              "      <td>0.041587</td>\n",
              "      <td>0.056003</td>\n",
              "      <td>-0.024733</td>\n",
              "      <td>-0.025953</td>\n",
              "      <td>-0.038357</td>\n",
              "    </tr>\n",
              "    <tr>\n",
              "      <th>8</th>\n",
              "      <td>-0.009147</td>\n",
              "      <td>-0.044642</td>\n",
              "      <td>-0.056863</td>\n",
              "      <td>-0.050427</td>\n",
              "      <td>0.021822</td>\n",
              "      <td>0.045345</td>\n",
              "      <td>-0.028674</td>\n",
              "      <td>0.034309</td>\n",
              "      <td>-0.009919</td>\n",
              "      <td>-0.017646</td>\n",
              "    </tr>\n",
              "    <tr>\n",
              "      <th>9</th>\n",
              "      <td>0.070769</td>\n",
              "      <td>0.050680</td>\n",
              "      <td>-0.030996</td>\n",
              "      <td>0.021872</td>\n",
              "      <td>-0.037344</td>\n",
              "      <td>-0.047034</td>\n",
              "      <td>0.033914</td>\n",
              "      <td>-0.039493</td>\n",
              "      <td>-0.014960</td>\n",
              "      <td>-0.001078</td>\n",
              "    </tr>\n",
              "    <tr>\n",
              "      <th>10</th>\n",
              "      <td>0.009016</td>\n",
              "      <td>-0.044642</td>\n",
              "      <td>0.055229</td>\n",
              "      <td>-0.005670</td>\n",
              "      <td>0.057597</td>\n",
              "      <td>0.044719</td>\n",
              "      <td>-0.002903</td>\n",
              "      <td>0.023239</td>\n",
              "      <td>0.055686</td>\n",
              "      <td>0.106617</td>\n",
              "    </tr>\n",
              "    <tr>\n",
              "      <th>11</th>\n",
              "      <td>-0.027310</td>\n",
